ra:     5.0e6
pr:     1.0
gamma:  1.0
Lx:     6.283185307179586
Lz:     3.141592653589793
Nx:     256
Nz:     231
dt:     5.0e-4
nprocs: 4
